S=[ 25; 25; 25]
R=[ 0.50000    0.5000      0.5000;
   -0.50000    0.5000      0.5000;
   -0.50000   -0.5000      0.5000]

R *= 7.9841;
